-- POSTGRESQL | ORDERS SCHEMA
    create table orders(
        id int PRIMARY KEY,
        product_id int,
        order_date date,
        num int
        );
        insert into orders (id, product_id, order_date, num)
VALUES
    (1, 1, '2024-03-21', 36), 
    (2, 4, '2024-01-05', 34), 
    (3, 4, '2023-11-30', 39), 
    (4, 1, '2023-12-07', 4), 
    (5, 4, '2023-11-28', 7), 
    (6, 3, '2024-01-03', 37), 
    (7, 3, '2024-02-12', 4), 
    (8, 3, '2023-12-09', 39), 
    (9, 2, '2024-02-03', 33), 
    (10, 3, '2024-01-02', 25), 
    (11, 1, '2024-02-07', 28), 
    (12, 4, '2024-03-06', 5), 
    (13, 2, '2023-11-27', 8), 
    (14, 1, '2024-03-19', 5), 
    (15, 4, '2023-10-28', 48), 
    (16, 1, '2024-04-02', 13), 
    (17, 4, '2024-01-28', 1), 
    (18, 4, '2024-03-06', 28), 
    (19, 4, '2024-03-28', 49), 
    (20, 3, '2023-10-26', 26), 
    (21, 1, '2024-05-03', 49), 
    (22, 3, '2024-03-23', 5), 
    (23, 2, '2024-01-08', 47), 
    (24, 2, '2024-02-23', 26), 
    (25, 1, '2024-01-04', 18), 
    (26, 4, '2023-11-11', 35), 
    (27, 1, '2024-03-02', 5), 
    (28, 4, '2023-10-24', 5), 
    (29, 4, '2023-12-18', 49), 
    (30, 3, '2024-04-25', 25), 
    (31, 4, '2023-12-03', 17), 
    (32, 2, '2023-10-26', 6), 
    (33, 4, '2023-10-14', 43), 
    (34, 1, '2023-11-24', 1), 
    (35, 2, '2023-10-16', 25), 
    (36, 4, '2024-04-04', 27), 
    (37, 3, '2024-01-04', 7), 
    (38, 1, '2024-02-11', 21), 
    (39, 4, '2023-11-23', 16), 
    (40, 2, '2024-01-05', 13), 
    (41, 2, '2023-11-14', 13), 
    (42, 4, '2024-03-15', 38), 
    (43, 4, '2024-02-06', 41), 
    (44, 4, '2024-03-01', 6), 
    (45, 1, '2023-12-30', 48), 
    (46, 4, '2024-04-03', 49), 
    (47, 2, '2024-03-28', 25), 
    (48, 2, '2024-03-30', 8), 
    (49, 3, '2023-12-11', 25), 
    (50, 3, '2023-12-11', 38), 
    (51, 3, '2023-12-17', 17), 
    (52, 1, '2023-11-18', 5), 
    (53, 4, '2024-04-22', 49), 
    (54, 4, '2023-12-05', 8), 
    (55, 4, '2023-12-14', 42), 
    (56, 1, '2023-12-02', 3), 
    (57, 4, '2023-11-02', 36), 
    (58, 2, '2024-02-16', 8), 
    (59, 3, '2023-11-03', 22), 
    (60, 4, '2024-01-15', 45), 
    (61, 4, '2024-01-16', 36), 
    (62, 3, '2024-03-20', 44), 
    (63, 2, '2024-03-09', 25), 
    (64, 4, '2024-03-06', 22), 
    (65, 2, '2023-12-05', 25), 
    (66, 2, '2024-02-18', 8), 
    (67, 4, '2024-04-08', 14), 
    (68, 4, '2024-02-06', 24), 
    (69, 2, '2023-12-14', 46), 
    (70, 1, '2024-05-01', 14), 
    (71, 3, '2023-12-24', 11), 
    (72, 3, '2023-11-19', 48), 
    (73, 2, '2023-11-30', 41), 
    (74, 2, '2024-03-02', 16), 
    (75, 1, '2023-12-15', 3), 
    (76, 4, '2023-12-14', 26), 
    (77, 4, '2024-02-03', 21), 
    (78, 1, '2024-04-22', 31), 
    (79, 4, '2024-03-10', 2), 
    (80, 4, '2024-01-03', 9), 
    (81, 3, '2024-01-18', 42), 
    (82, 4, '2024-01-29', 45), 
    (83, 3, '2024-04-09', 42), 
    (84, 4, '2023-11-16', 18), 
    (85, 2, '2024-03-08', 23), 
    (86, 1, '2024-01-18', 48), 
    (87, 3, '2023-12-13', 4), 
    (88, 1, '2024-02-23', 8), 
    (89, 3, '2023-11-08', 5), 
    (90, 3, '2024-03-03', 27), 
    (91, 1, '2024-04-29', 22), 
    (92, 3, '2024-04-27', 29), 
    (93, 4, '2024-03-15', 19), 
    (94, 3, '2024-03-12', 29), 
    (95, 1, '2023-10-17', 5), 
    (96, 4, '2023-11-19', 22), 
    (97, 4, '2024-05-03', 17), 
    (98, 4, '2024-02-04', 21), 
    (99, 3, '2023-12-10', 31), 
    (100, 3, '2023-12-11', 24), 
    (101, 1, '2024-03-20', 6), 
    (102, 2, '2024-05-05', 22), 
    (103, 2, '2023-10-22', 43), 
    (104, 2, '2024-04-03', 14), 
    (105, 2, '2023-11-26', 16), 
    (106, 1, '2023-10-26', 23), 
    (107, 4, '2024-01-26', 5), 
    (108, 1, '2024-04-25', 21), 
    (109, 4, '2024-01-01', 48), 
    (110, 2, '2024-04-01', 32), 
    (111, 2, '2023-12-19', 27), 
    (112, 3, '2023-12-13', 45), 
    (113, 4, '2023-12-03', 4), 
    (114, 4, '2023-12-17', 22), 
    (115, 4, '2023-12-18', 15), 
    (116, 3, '2024-03-11', 42), 
    (117, 2, '2023-12-09', 40), 
    (118, 2, '2023-10-08', 39), 
    (119, 3, '2024-04-14', 50), 
    (120, 2, '2023-11-18', 29), 
    (121, 3, '2024-02-21', 48), 
    (122, 1, '2023-11-24', 45), 
    (123, 2, '2024-02-28', 40), 
    (124, 4, '2024-01-08', 26), 
    (125, 3, '2024-04-17', 27), 
    (126, 1, '2024-03-16', 38), 
    (127, 4, '2024-04-23', 48), 
    (128, 4, '2023-10-13', 17), 
    (129, 2, '2024-01-10', 4), 
    (130, 1, '2024-01-25', 32), 
    (131, 1, '2024-03-09', 25), 
    (132, 4, '2023-10-24', 23), 
    (133, 2, '2023-10-09', 15), 
    (134, 3, '2024-03-30', 42), 
    (135, 4, '2023-10-08', 11), 
    (136, 1, '2023-10-20', 15), 
    (137, 1, '2024-01-25', 47), 
    (138, 3, '2023-11-18', 6), 
    (139, 3, '2024-02-27', 23), 
    (140, 4, '2024-03-15', 46), 
    (141, 2, '2024-05-03', 44), 
    (142, 4, '2023-11-02', 4), 
    (143, 1, '2023-12-31', 14), 
    (144, 3, '2024-03-24', 12), 
    (145, 3, '2024-01-14', 6), 
    (146, 3, '2024-01-21', 15), 
    (147, 3, '2024-01-17', 35), 
    (148, 4, '2024-01-13', 19), 
    (149, 4, '2024-02-28', 36), 
    (150, 2, '2024-04-01', 24), 
    (151, 2, '2023-10-06', 17), 
    (152, 4, '2023-11-14', 33), 
    (153, 2, '2024-01-12', 50), 
    (154, 1, '2024-01-18', 24), 
    (155, 4, '2024-04-07', 29), 
    (156, 2, '2023-11-07', 3), 
    (157, 4, '2024-04-26', 46), 
    (158, 1, '2024-03-12', 13), 
    (159, 2, '2023-10-31', 39), 
    (160, 4, '2023-12-13', 43), 
    (161, 2, '2024-02-07', 38), 
    (162, 1, '2024-01-23', 34), 
    (163, 4, '2024-01-23', 34), 
    (164, 2, '2024-01-25', 9), 
    (165, 3, '2023-10-07', 19), 
    (166, 4, '2024-01-23', 49), 
    (167, 2, '2024-04-21', 4), 
    (168, 2, '2023-12-15', 39), 
    (169, 4, '2024-02-20', 6), 
    (170, 4, '2023-12-29', 12), 
    (171, 1, '2024-04-10', 30), 
    (172, 3, '2024-01-13', 5), 
    (173, 4, '2023-11-05', 50), 
    (174, 3, '2023-11-30', 12), 
    (175, 4, '2023-12-13', 30), 
    (176, 3, '2023-12-16', 11), 
    (177, 3, '2024-04-07', 45), 
    (178, 3, '2024-04-03', 13), 
    (179, 4, '2023-11-05', 21), 
    (180, 2, '2023-12-26', 12), 
    (181, 1, '2024-03-04', 26), 
    (182, 1, '2023-11-30', 34), 
    (183, 1, '2024-02-18', 48), 
    (184, 3, '2023-10-09', 3), 
    (185, 4, '2024-01-31', 31), 
    (186, 4, '2024-03-12', 23), 
    (187, 3, '2023-12-28', 2), 
    (188, 3, '2024-02-20', 24), 
    (189, 1, '2024-02-29', 23), 
    (190, 3, '2023-12-20', 16), 
    (191, 2, '2023-11-20', 6), 
    (192, 4, '2024-04-26', 3), 
    (193, 4, '2024-04-25', 33), 
    (194, 4, '2023-12-02', 33), 
    (195, 2, '2024-01-07', 5), 
    (196, 1, '2024-03-20', 14), 
    (197, 1, '2024-01-25', 24), 
    (198, 2, '2024-01-16', 6), 
    (199, 4, '2024-02-08', 26), 
    (200, 1, '2024-01-01', 44); 
