
    create table orders(
    id int PRIMARY KEY,
    product_id int,
    order_date date,
    num int
    );insert into orders (id, product_id, order_date, num)
VALUES
    (1, 4, '2024-03-06', 19), 
    (2, 4, '2023-12-30', 29), 
    (3, 1, '2024-05-06', 31), 
    (4, 4, '2024-03-31', 12), 
    (5, 3, '2023-10-26', 45), 
    (6, 3, '2024-01-18', 7), 
    (7, 3, '2024-02-28', 40), 
    (8, 3, '2024-02-11', 10), 
    (9, 2, '2023-11-19', 48), 
    (10, 3, '2024-01-23', 32), 
    (11, 4, '2023-11-17', 41), 
    (12, 3, '2024-03-23', 44), 
    (13, 1, '2024-04-17', 29), 
    (14, 4, '2023-12-05', 25), 
    (15, 2, '2024-04-27', 41), 
    (16, 1, '2024-01-20', 4), 
    (17, 2, '2023-12-03', 27), 
    (18, 2, '2023-11-04', 22), 
    (19, 2, '2024-03-31', 13), 
    (20, 4, '2024-03-05', 44), 
    (21, 1, '2024-02-20', 19), 
    (22, 4, '2024-02-07', 46), 
    (23, 4, '2023-11-17', 50), 
    (24, 3, '2024-02-21', 24), 
    (25, 2, '2023-11-17', 42), 
    (26, 4, '2024-04-14', 10), 
    (27, 3, '2024-03-28', 20), 
    (28, 1, '2024-01-25', 27), 
    (29, 4, '2024-04-01', 1), 
    (30, 1, '2023-11-06', 28), 
    (31, 3, '2023-12-24', 50), 
    (32, 1, '2023-10-28', 34), 
    (33, 2, '2024-04-21', 49), 
    (34, 3, '2023-11-09', 50), 
    (35, 1, '2023-12-30', 45), 
    (36, 1, '2023-12-25', 34), 
    (37, 1, '2023-11-09', 28), 
    (38, 3, '2024-04-16', 16), 
    (39, 4, '2024-02-26', 13), 
    (40, 1, '2023-12-28', 13), 
    (41, 4, '2023-12-11', 22), 
    (42, 3, '2024-01-29', 42), 
    (43, 4, '2023-11-03', 35), 
    (44, 4, '2023-12-20', 13), 
    (45, 2, '2023-11-06', 48), 
    (46, 1, '2024-05-03', 27), 
    (47, 3, '2023-11-12', 26), 
    (48, 4, '2023-12-23', 40), 
    (49, 1, '2023-11-06', 34), 
    (50, 1, '2023-12-04', 14), 
    (51, 1, '2024-01-09', 18), 
    (52, 4, '2023-12-12', 46), 
    (53, 1, '2024-04-05', 31), 
    (54, 4, '2024-04-18', 21), 
    (55, 4, '2023-11-22', 5), 
    (56, 1, '2024-03-29', 42), 
    (57, 4, '2024-03-19', 46), 
    (58, 1, '2023-12-08', 20), 
    (59, 4, '2023-12-24', 43), 
    (60, 1, '2023-10-28', 32), 
    (61, 3, '2024-01-22', 36), 
    (62, 4, '2024-01-31', 35), 
    (63, 1, '2024-01-12', 4), 
    (64, 1, '2024-01-26', 46), 
    (65, 1, '2024-04-18', 42), 
    (66, 3, '2024-03-17', 43), 
    (67, 3, '2023-11-20', 23), 
    (68, 2, '2023-11-28', 10), 
    (69, 4, '2024-03-10', 7), 
    (70, 2, '2023-11-15', 21), 
    (71, 2, '2023-11-23', 17), 
    (72, 1, '2024-04-07', 47), 
    (73, 1, '2023-12-01', 8), 
    (74, 2, '2024-01-08', 4), 
    (75, 2, '2023-11-12', 25), 
    (76, 3, '2023-10-28', 16), 
    (77, 3, '2024-04-02', 4), 
    (78, 2, '2023-11-15', 18), 
    (79, 3, '2023-10-08', 9), 
    (80, 3, '2024-02-16', 10), 
    (81, 4, '2024-02-13', 17), 
    (82, 4, '2024-02-17', 2), 
    (83, 1, '2023-12-02', 37), 
    (84, 3, '2024-02-29', 24), 
    (85, 3, '2024-02-07', 2), 
    (86, 1, '2024-03-07', 23), 
    (87, 4, '2023-10-17', 49), 
    (88, 3, '2024-04-03', 38), 
    (89, 1, '2024-02-12', 29), 
    (90, 2, '2023-12-27', 26), 
    (91, 3, '2024-04-26', 35), 
    (92, 3, '2023-12-28', 34), 
    (93, 3, '2024-01-07', 37), 
    (94, 4, '2024-02-20', 27), 
    (95, 3, '2023-11-03', 46), 
    (96, 2, '2024-01-11', 3), 
    (97, 3, '2023-12-06', 32), 
    (98, 4, '2024-04-22', 13), 
    (99, 3, '2023-11-26', 50), 
    (100, 3, '2023-11-02', 14), 
    (101, 2, '2023-12-15', 30), 
    (102, 1, '2024-04-14', 3), 
    (103, 2, '2023-10-17', 14), 
    (104, 3, '2024-03-28', 34), 
    (105, 2, '2023-11-24', 26), 
    (106, 1, '2024-01-31', 18), 
    (107, 2, '2023-10-28', 7), 
    (108, 4, '2024-01-15', 16), 
    (109, 4, '2024-03-04', 23), 
    (110, 2, '2024-03-23', 33), 
    (111, 2, '2024-04-17', 12), 
    (112, 3, '2024-03-27', 11), 
    (113, 3, '2023-12-18', 32), 
    (114, 4, '2024-03-17', 32), 
    (115, 4, '2023-12-27', 12), 
    (116, 2, '2024-02-13', 36), 
    (117, 2, '2023-11-18', 1), 
    (118, 1, '2023-11-14', 28), 
    (119, 1, '2023-11-17', 4), 
    (120, 3, '2024-04-24', 17), 
    (121, 4, '2024-03-10', 35), 
    (122, 4, '2023-10-22', 7), 
    (123, 1, '2023-12-09', 6), 
    (124, 4, '2024-04-08', 41), 
    (125, 1, '2024-04-02', 15), 
    (126, 4, '2024-05-01', 34), 
    (127, 3, '2024-05-02', 29), 
    (128, 2, '2023-10-29', 23), 
    (129, 2, '2024-03-23', 45), 
    (130, 1, '2024-01-21', 43), 
    (131, 2, '2024-01-10', 5), 
    (132, 3, '2023-11-02', 15), 
    (133, 2, '2024-01-24', 48), 
    (134, 2, '2024-01-18', 1), 
    (135, 2, '2023-11-29', 42), 
    (136, 3, '2023-12-18', 46), 
    (137, 4, '2023-12-17', 18), 
    (138, 1, '2023-12-26', 4), 
    (139, 2, '2024-01-18', 7), 
    (140, 4, '2023-12-07', 5), 
    (141, 1, '2023-11-24', 7), 
    (142, 3, '2023-10-31', 22), 
    (143, 3, '2024-01-17', 40), 
    (144, 2, '2024-03-03', 34), 
    (145, 1, '2024-02-08', 13), 
    (146, 1, '2024-01-31', 44), 
    (147, 1, '2024-03-23', 28), 
    (148, 3, '2024-01-22', 16), 
    (149, 4, '2023-10-07', 11), 
    (150, 4, '2023-10-11', 2), 
    (151, 1, '2024-03-02', 14), 
    (152, 4, '2023-11-21', 34), 
    (153, 4, '2024-05-05', 13), 
    (154, 4, '2024-01-19', 14), 
    (155, 1, '2024-02-11', 3), 
    (156, 3, '2024-01-25', 46), 
    (157, 2, '2024-02-21', 43), 
    (158, 1, '2023-11-20', 18), 
    (159, 2, '2024-04-27', 30), 
    (160, 3, '2023-12-28', 44), 
    (161, 4, '2024-03-08', 49), 
    (162, 2, '2024-01-30', 34), 
    (163, 4, '2023-12-05', 12), 
    (164, 1, '2023-11-07', 25), 
    (165, 1, '2024-03-10', 22), 
    (166, 1, '2023-10-30', 26), 
    (167, 2, '2024-03-21', 49), 
    (168, 4, '2023-12-09', 29), 
    (169, 4, '2023-12-03', 38), 
    (170, 3, '2024-04-03', 49), 
    (171, 3, '2023-11-18', 16), 
    (172, 4, '2023-10-29', 11), 
    (173, 4, '2024-01-09', 30), 
    (174, 2, '2023-11-27', 33), 
    (175, 4, '2024-01-18', 50), 
    (176, 4, '2024-01-27', 31), 
    (177, 2, '2024-02-02', 5), 
    (178, 4, '2023-10-10', 7), 
    (179, 2, '2023-10-29', 49), 
    (180, 3, '2023-11-16', 17), 
    (181, 3, '2024-01-31', 38), 
    (182, 1, '2024-03-19', 47), 
    (183, 3, '2023-11-28', 8), 
    (184, 4, '2024-01-18', 23), 
    (185, 4, '2023-12-23', 30), 
    (186, 3, '2024-02-04', 23), 
    (187, 4, '2024-01-17', 49), 
    (188, 2, '2024-04-15', 1), 
    (189, 3, '2024-02-09', 21), 
    (190, 1, '2023-10-25', 16), 
    (191, 1, '2024-03-06', 36), 
    (192, 4, '2023-12-07', 31), 
    (193, 4, '2023-11-23', 37), 
    (194, 4, '2024-01-23', 35), 
    (195, 4, '2023-12-23', 23), 
    (196, 4, '2024-03-06', 25), 
    (197, 3, '2024-04-07', 31), 
    (198, 1, '2024-04-11', 17), 
    (199, 4, '2024-01-16', 41), 
    (200, 2, '2024-02-10', 23); 
