-- POSTGRESQL | ORDERS SCHEMA

drop table if exists orders;
                                 
create table orders(
    id int PRIMARY KEY,
    product_id int,
    order_date date,
    num int
    );
    insert into orders (id, product_id, order_date, num)
VALUES
    (1, 4, '2024-01-02', 23), 
    (2, 3, '2024-04-17', 4), 
    (3, 4, '2024-02-21', 37), 
    (4, 3, '2023-10-31', 50), 
    (5, 2, '2024-01-09', 25), 
    (6, 1, '2024-01-20', 42), 
    (7, 2, '2024-04-04', 38), 
    (8, 3, '2023-11-04', 10), 
    (9, 2, '2024-03-29', 46), 
    (10, 2, '2024-01-22', 12), 
    (11, 1, '2024-03-24', 6), 
    (12, 3, '2023-12-20', 13), 
    (13, 4, '2024-02-23', 21), 
    (14, 4, '2024-02-29', 23), 
    (15, 1, '2023-11-27', 42), 
    (16, 4, '2024-01-11', 33), 
    (17, 2, '2023-11-24', 33), 
    (18, 1, '2024-01-11', 6), 
    (19, 4, '2024-03-16', 35), 
    (20, 2, '2024-03-08', 33), 
    (21, 3, '2023-10-30', 19), 
    (22, 2, '2024-01-16', 29), 
    (23, 4, '2024-03-07', 38), 
    (24, 2, '2023-12-26', 41), 
    (25, 4, '2023-10-21', 29), 
    (26, 2, '2024-04-04', 19), 
    (27, 2, '2024-02-05', 1), 
    (28, 2, '2023-10-14', 7), 
    (29, 1, '2024-02-29', 21), 
    (30, 1, '2024-02-12', 7), 
    (31, 1, '2024-01-12', 42), 
    (32, 3, '2024-04-01', 31), 
    (33, 4, '2023-11-08', 43), 
    (34, 2, '2023-11-27', 44), 
    (35, 1, '2023-10-26', 28), 
    (36, 4, '2024-03-05', 29), 
    (37, 2, '2024-04-26', 22), 
    (38, 2, '2024-03-14', 34), 
    (39, 3, '2023-11-02', 27), 
    (40, 1, '2023-12-09', 36), 
    (41, 3, '2024-03-07', 44), 
    (42, 4, '2024-02-22', 33), 
    (43, 2, '2023-12-05', 9), 
    (44, 1, '2024-02-19', 32), 
    (45, 1, '2024-01-17', 29), 
    (46, 1, '2024-01-23', 11), 
    (47, 4, '2024-02-10', 28), 
    (48, 4, '2024-01-01', 1), 
    (49, 2, '2024-04-04', 14), 
    (50, 2, '2024-03-04', 36), 
    (51, 1, '2024-01-25', 24), 
    (52, 1, '2024-03-28', 28), 
    (53, 3, '2024-03-25', 39), 
    (54, 2, '2023-10-20', 41), 
    (55, 2, '2024-02-28', 4), 
    (56, 1, '2024-01-26', 9), 
    (57, 1, '2023-12-09', 40), 
    (58, 1, '2024-04-09', 24), 
    (59, 3, '2024-01-04', 13), 
    (60, 3, '2023-10-18', 49), 
    (61, 1, '2023-11-04', 19), 
    (62, 4, '2024-04-04', 50), 
    (63, 4, '2024-04-18', 33), 
    (64, 1, '2024-02-15', 29), 
    (65, 3, '2024-04-10', 27), 
    (66, 3, '2024-05-01', 37), 
    (67, 3, '2023-11-29', 2), 
    (68, 4, '2024-05-04', 33), 
    (69, 4, '2023-10-12', 24), 
    (70, 2, '2023-11-26', 27), 
    (71, 4, '2024-01-01', 39), 
    (72, 4, '2024-03-10', 4), 
    (73, 3, '2024-04-27', 38), 
    (74, 4, '2024-03-07', 5), 
    (75, 4, '2023-10-10', 17), 
    (76, 4, '2024-03-12', 15), 
    (77, 1, '2024-02-17', 12), 
    (78, 4, '2024-04-29', 21), 
    (79, 3, '2024-01-26', 40), 
    (80, 3, '2024-05-02', 50), 
    (81, 1, '2024-05-04', 40), 
    (82, 3, '2024-02-07', 25), 
    (83, 4, '2024-01-16', 20), 
    (84, 3, '2024-04-02', 2), 
    (85, 4, '2023-11-03', 1), 
    (86, 4, '2024-03-24', 10), 
    (87, 1, '2024-02-23', 1), 
    (88, 4, '2024-01-25', 21), 
    (89, 4, '2024-01-15', 5), 
    (90, 1, '2024-01-11', 41), 
    (91, 1, '2024-02-08', 43), 
    (92, 1, '2024-02-11', 4), 
    (93, 4, '2023-11-10', 12), 
    (94, 1, '2024-02-03', 23), 
    (95, 4, '2023-12-03', 14), 
    (96, 3, '2024-02-02', 4), 
    (97, 2, '2024-01-31', 2), 
    (98, 4, '2023-12-05', 21), 
    (99, 4, '2024-01-23', 38), 
    (100, 3, '2024-03-23', 43), 
    (101, 2, '2023-11-08', 47), 
    (102, 4, '2023-11-21', 17), 
    (103, 1, '2023-11-21', 46), 
    (104, 4, '2023-11-27', 43), 
    (105, 4, '2024-02-11', 42), 
    (106, 1, '2024-01-12', 44), 
    (107, 2, '2023-12-11', 3), 
    (108, 2, '2024-01-20', 30), 
    (109, 1, '2023-10-13', 16), 
    (110, 3, '2023-11-14', 46), 
    (111, 1, '2024-02-16', 5), 
    (112, 4, '2024-01-13', 21), 
    (113, 1, '2023-10-15', 26), 
    (114, 3, '2023-10-29', 29), 
    (115, 1, '2024-03-30', 8), 
    (116, 4, '2023-11-05', 33), 
    (117, 3, '2023-10-15', 31), 
    (118, 1, '2023-10-13', 34), 
    (119, 2, '2024-02-21', 41), 
    (120, 4, '2024-03-28', 18), 
    (121, 2, '2024-02-26', 48), 
    (122, 2, '2023-12-28', 39), 
    (123, 1, '2023-11-18', 21), 
    (124, 1, '2024-02-19', 34), 
    (125, 2, '2024-02-19', 21), 
    (126, 3, '2024-02-26', 45), 
    (127, 1, '2023-11-20', 25), 
    (128, 3, '2024-02-04', 11), 
    (129, 2, '2023-11-26', 42), 
    (130, 4, '2024-05-02', 34), 
    (131, 3, '2023-12-08', 19), 
    (132, 1, '2024-04-22', 45), 
    (133, 1, '2024-03-27', 44), 
    (134, 1, '2023-11-18', 19), 
    (135, 4, '2024-04-05', 6), 
    (136, 4, '2023-10-27', 16), 
    (137, 3, '2023-12-01', 6), 
    (138, 4, '2024-04-20', 22), 
    (139, 3, '2024-01-30', 12), 
    (140, 4, '2023-10-28', 38), 
    (141, 4, '2024-02-16', 46), 
    (142, 1, '2024-05-05', 14), 
    (143, 2, '2023-11-01', 29), 
    (144, 3, '2024-02-28', 5), 
    (145, 4, '2023-10-13', 50), 
    (146, 1, '2024-04-08', 9), 
    (147, 4, '2024-01-27', 44), 
    (148, 2, '2024-02-26', 5), 
    (149, 4, '2023-12-20', 39), 
    (150, 2, '2024-04-27', 6), 
    (151, 1, '2023-12-04', 38), 
    (152, 2, '2023-10-19', 45), 
    (153, 1, '2024-03-22', 29), 
    (154, 4, '2024-04-25', 40), 
    (155, 4, '2024-03-23', 18), 
    (156, 4, '2024-04-10', 36), 
    (157, 1, '2024-01-10', 7), 
    (158, 1, '2023-11-03', 11), 
    (159, 2, '2024-04-27', 23), 
    (160, 2, '2023-12-15', 28), 
    (161, 3, '2023-10-30', 4), 
    (162, 3, '2024-02-07', 23), 
    (163, 2, '2023-11-12', 39), 
    (164, 4, '2024-02-26', 43), 
    (165, 3, '2024-04-04', 20), 
    (166, 1, '2023-10-31', 33), 
    (167, 4, '2023-11-17', 11), 
    (168, 4, '2023-11-14', 23), 
    (169, 4, '2023-10-15', 16), 
    (170, 2, '2024-03-26', 33), 
    (171, 4, '2023-11-26', 33), 
    (172, 3, '2024-02-04', 25), 
    (173, 2, '2024-04-26', 3), 
    (174, 3, '2023-11-16', 32), 
    (175, 2, '2023-12-18', 33), 
    (176, 3, '2023-12-19', 6), 
    (177, 2, '2024-02-22', 37), 
    (178, 2, '2023-12-25', 42), 
    (179, 3, '2023-11-04', 38), 
    (180, 4, '2024-04-03', 46), 
    (181, 3, '2024-02-24', 8), 
    (182, 1, '2024-03-03', 27), 
    (183, 2, '2024-02-02', 3), 
    (184, 3, '2024-01-30', 48), 
    (185, 1, '2023-11-14', 45), 
    (186, 1, '2024-04-09', 13), 
    (187, 3, '2024-03-19', 36), 
    (188, 3, '2023-11-08', 36), 
    (189, 2, '2023-11-17', 42), 
    (190, 2, '2024-01-17', 48), 
    (191, 4, '2024-04-13', 29), 
    (192, 2, '2024-03-31', 28), 
    (193, 3, '2023-12-28', 4), 
    (194, 4, '2024-02-13', 35), 
    (195, 4, '2024-01-14', 37), 
    (196, 4, '2024-03-21', 41), 
    (197, 3, '2024-05-05', 15), 
    (198, 4, '2023-11-26', 50), 
    (199, 4, '2023-12-10', 15), 
    (200, 3, '2024-01-07', 10); 
